%YAML:1.0
---
K_left: !!opencv-matrix
   rows: 3
   cols: 3
   dt: d
   data: [ 1.0740326554502115e+03, 0., 640., 0., 1.0740805183558582e+03,
       360., 0., 0., 1. ]
D_left: !!opencv-matrix
   rows: 1
   cols: 5
   dt: d
   data: [ -1.6275125020187291e-02, 1.0012138333912517e+00,
       -1.2592054277349629e-02, -4.4862257713409927e-03,
       -3.2128195722802428e+00 ]
