%YAML:1.0
---
K_left: !!opencv-matrix
   rows: 3
   cols: 3
   dt: d
   data: [ 1.1178189234647452e+03, 0., 640., 0., 1.1133862284873883e+03,
       360., 0., 0., 1. ]
D_left: !!opencv-matrix
   rows: 1
   cols: 5
   dt: d
   data: [ 7.7279938017904337e-02, -1.4033388436589656e-01,
       2.1791199406128604e-03, -1.5470701919816386e-02,
       5.0110525936333021e-02 ]
