%YAML:1.0
---
K_left: !!opencv-matrix
   rows: 3
   cols: 3
   dt: d
   data: [ 9.12898595e+02, 0., 400., 0., 8.96008611e+02,
       300., 0., 0., 1. ]
D_left: !!opencv-matrix
   rows: 1
   cols: 5
   dt: d
   data: [ 4.6908996e-02, -3.95835584e-03,
       -0.17972867e-03, -1.42205352e-02,
       -8.598121736e-02 ]
